2 0.833796 0.569444 0.028704 0.027778
2 0.736574 0.443519 0.030556 0.033333
2 0.525926 0.366667 0.033333 0.035185
2 0.440741 0.193056 0.033333 0.034259
2 0.696759 0.648148 0.034259 0.033333
2 0.307407 0.367130 0.031481 0.030556
2 0.563426 0.813426 0.030556 0.028704
2 0.480556 0.639815 0.031481 0.033333
2 0.268981 0.562500 0.030556 0.032407
2 0.168981 0.439352 0.032407 0.028704
6 0.346759 0.305556 0.060185 0.053704
5 0.664352 0.694907 0.052778 0.050926
3 0.475926 0.280556 0.055556 0.044444
3 0.739815 0.537037 0.055556 0.044444
3 0.518519 0.716204 0.053704 0.050926
3 0.265278 0.468981 0.060185 0.054630
11 0.862037 0.175000 0.042593 0.077778
11 0.832407 0.147685 0.044444 0.071296
11 0.893518 0.309259 0.051852 0.064815
11 0.877315 0.455092 0.054630 0.071296
13 0.896296 0.257407 0.055556 0.051852
13 0.766204 0.234723 0.050926 0.058333
13 0.744908 0.109259 0.056481 0.055556
11 0.734722 0.265278 0.049074 0.073148
11 0.694444 0.112963 0.051852 0.070370
11 0.533334 0.127777 0.053704 0.074074
11 0.647686 0.337037 0.052778 0.074074
12 0.469907 0.884259 0.047222 0.072222
12 0.299538 0.894908 0.047222 0.076852
12 0.347222 0.667593 0.050000 0.079630
12 0.124537 0.550926 0.049074 0.075926
12 0.260186 0.740277 0.050000 0.067593
12 0.101852 0.703703 0.051852 0.068519
14 0.249074 0.898148 0.048148 0.059259
14 0.232407 0.772685 0.055556 0.060185
14 0.101389 0.750000 0.063889 0.055556
12 0.167130 0.861574 0.049074 0.069444
12 0.137500 0.831481 0.045370 0.070370
11 0.911574 0.689815 0.063889 0.087037
11 0.598148 0.436574 0.061111 0.086111
11 0.304167 0.099074 0.060185 0.085185
12 0.088889 0.313426 0.048148 0.069444
12 0.399537 0.570833 0.054630 0.076852
12 0.696296 0.911574 0.051852 0.073148
