3 0.473611 0.275463 0.060185 0.049074
3 0.733333 0.533333 0.055556 0.057407
3 0.515278 0.711574 0.054630 0.050926
3 0.261574 0.467593 0.060185 0.057407
11 0.299537 0.089352 0.067593 0.097222
11 0.857408 0.168519 0.042593 0.077778
11 0.828703 0.143056 0.044444 0.071296
11 0.891667 0.305556 0.051852 0.064815
11 0.871760 0.452315 0.054630 0.071296
11 0.907408 0.683797 0.072222 0.104630
13 0.888889 0.252778 0.055556 0.051852
13 0.763426 0.231019 0.050926 0.058333
13 0.742130 0.103704 0.056481 0.055556
11 0.732870 0.264352 0.049074 0.073148
11 0.689815 0.108334 0.051852 0.070370
11 0.530556 0.125000 0.053704 0.074074
11 0.645834 0.333334 0.052778 0.074074
11 0.594908 0.426852 0.069444 0.092593
12 0.691204 0.907407 0.075000 0.100000
12 0.394907 0.565278 0.071296 0.091667
12 0.468055 0.880556 0.047222 0.072222
12 0.297686 0.893982 0.047222 0.076852
12 0.345370 0.666667 0.050000 0.079630
12 0.118055 0.546296 0.049074 0.075926
12 0.084722 0.309723 0.073148 0.093519
12 0.256482 0.740277 0.050000 0.067593
12 0.102777 0.701851 0.051852 0.068519
14 0.246297 0.893519 0.048148 0.059259
14 0.225926 0.771760 0.055556 0.060185
14 0.098611 0.749074 0.063889 0.055556
12 0.168056 0.857870 0.049074 0.069444
12 0.138426 0.830555 0.045370 0.070370
