2 0.832407 0.567130 0.027778 0.030556
2 0.737963 0.444444 0.029630 0.029630
2 0.525000 0.364352 0.035185 0.032407
2 0.439815 0.194444 0.029630 0.031481
2 0.697685 0.648148 0.028704 0.031481
2 0.561574 0.813426 0.025000 0.026852
2 0.481019 0.640278 0.030556 0.032407
2 0.268056 0.562500 0.032407 0.030556
2 0.168519 0.439815 0.031481 0.033333
2 0.305556 0.366667 0.031481 0.031481
6 0.348148 0.305093 0.062963 0.052778
9 0.663889 0.698611 0.059259 0.067593
3 0.475926 0.280556 0.057407 0.044444
3 0.738426 0.537963 0.054630 0.048148
3 0.518981 0.716204 0.058333 0.047222
3 0.268056 0.470833 0.052778 0.049074
11 0.858334 0.173148 0.042593 0.077778
11 0.831481 0.146759 0.044444 0.071296
11 0.895370 0.306482 0.051852 0.064815
13 0.897222 0.258333 0.055556 0.051852
13 0.768055 0.234723 0.050926 0.058333
13 0.747685 0.106482 0.056481 0.055556
11 0.694444 0.109260 0.051852 0.070370
11 0.533334 0.124074 0.053704 0.074074
12 0.469907 0.881482 0.047222 0.072222
12 0.300463 0.894908 0.047222 0.076852
12 0.349999 0.666667 0.050000 0.079630
12 0.124537 0.547222 0.049074 0.075926
12 0.259260 0.743055 0.050000 0.067593
12 0.101852 0.701851 0.051852 0.068519
14 0.248149 0.896297 0.048148 0.059259
14 0.229630 0.772685 0.055556 0.060185
14 0.102315 0.750000 0.063889 0.055556
12 0.166204 0.863425 0.049074 0.069444
12 0.138426 0.831481 0.045370 0.070370
12 0.698611 0.913426 0.058333 0.082407
12 0.400463 0.569907 0.058333 0.073148
12 0.089352 0.314352 0.060185 0.076852
